39 48           	29142
39 41           	11414
38 39           	10345
41 48           	9018
32 39           	8455
32 48           	8034
38 48           	7944
38 41           	3897
32 41           	3196
38 170          	3031
32 38           	2833
48 89           	2798
36 38           	2790
39 65           	2787
39 89           	2749
38 110          	2725
48 65           	2529
39 225          	2351
39 170          	2059
36 39           	2037
39 237          	1929
39 310          	1852
39 110          	1759
48 225          	1736
48 310          	1692
48 237          	1682
48 170          	1557
39 475          	1500
39 271          	1434
48 475          	1428
36 48           	1416
39 101          	1400
48 110          	1380
48 101          	1311
39 2238         	1287
39 438          	1260
39 270          	1194
39 1327         	1156
39 147          	1137
48 413          	1135
39 413          	1130
38 286          	1116
39 79           	1111
48 271          	1090
39 255          	1057
48 255          	1057
37 38           	1046
48 147          	1036
48 438          	1025
41 65           	995
39 60           	983
39 1146         	983
48 1327         	968
48 270          	957
48 2238         	955
39 12925        	938
39 533          	922
48 79           	893
41 225          	877
48 533          	861
48 49           	843
9 39            	832
39 16010        	829
39 185          	828
48 78           	824
48 12925        	817
48 185          	816
48 60           	815
48 1146         	811
41 170          	805
39 14098        	801
48 123          	797
9 48            	790
39 1393         	789
48 338          	779
48 2958         	779
39 604          	775
39 78           	774
32 65           	774
39 49           	768
38 371          	767
38 89           	764
39 740          	759
39 249          	752
39 286          	750
48 592          	743
39 338          	742
41 89           	732
48 16010        	730
39 16217        	728
39 123          	726
39 592          	723
41 310          	719
39 15832        	718
39 301          	715
32 89           	713
39 589          	708
37 39           	707
39 824          	703
48 824          	701
